# l
xs = [16, 16, 16, 16, 16, 16, 16, 16, 16,
      32, 32, 32, 32, 32, 32, 32, 32, 32,
      64, 64, 64, 64, 64, 64, 64, 64, 64,
      128, 128, 128, 128, 128, 128, 128, 128, 128,
      512, 512, 512, 512, 512, 512, 512, 512, 512,
      1024, 1024, 1024, 1024, 1024, 1024, 1024, 1024, 1024]
# p
ys = [1, 2, 3, 4, 5, 6, 7, 8, 9,
      1, 2, 3, 4, 5, 6, 7, 8, 9,
      1, 2, 3, 4, 5, 6, 7, 8, 9,
      1, 2, 3, 4, 5, 6, 7, 8, 9,
      1, 2, 3, 4, 5, 6, 7, 8, 9,
      1, 2, 3, 4, 5, 6, 7, 8, 9]
# 准确率
zs = [83.8, 84.9, 88.6, 88.7, 86.4, 87.0, 87.9, 88.1, 87.8,
      88.2, 87.9, 86.4, 85.5, 85.8, 85.6, 88.6, 86.4, 88.9,
      88.2, 88.3, 88.3, 88.1, 89.2, 89.7, 86.3, 87.7, 88.9,
      86.4, 88.4, 87.5, 88.7, 90.0, 89.5, 85.6, 84.8, 90.0,
      90.5, 90.2, 89.9, 91.1, 93.6, 91.8, 91.8, 93.1, 91.0,
      90.5, 88.3, 92.3, 93.0, 91.5, 93.2, 93.2, 89.7, 92.3]