# l
xs = [16, 16, 16, 16, 16, 16, 16, 16, 16,
      32, 32, 32, 32, 32, 32, 32, 32, 32,
      64, 64, 64, 64, 64, 64, 64, 64, 64,
      128, 128, 128, 128, 128, 128, 128, 128, 128,
      256, 256, 256, 256, 256, 256, 256, 256, 256,
      512, 512, 512, 512, 512, 512, 512, 512, 512,
      1024, 1024, 1024, 1024, 1024, 1024, 1024, 1024, 1024]
# p
ys = [1, 2, 3, 4, 5, 6, 7, 8, 9,
      1, 2, 3, 4, 5, 6, 7, 8, 9,
      1, 2, 3, 4, 5, 6, 7, 8, 9,
      1, 2, 3, 4, 5, 6, 7, 8, 9,
      1, 2, 3, 4, 5, 6, 7, 8, 9,
      1, 2, 3, 4, 5, 6, 7, 8, 9,
      1, 2, 3, 4, 5, 6, 7, 8, 9]
# 准确率
zs = [91.8, 91.2, 94.2, 93.4, 92.8, 92.6, 92.8, 94.4, 94.0,
      90.6, 94.2, 92.2, 90.6, 94.2, 92.8, 93.8, 94.2, 94.4,
      92.4, 91.4, 92.4, 94.2, 93.6, 93.8, 92.2, 93.4, 93.8,
      93.0, 92.0, 93.8, 93.2, 93.8, 94.2, 93.2, 94.0, 94.6,
      92.6, 94.0, 92.8, 93.8, 92.8, 94.2, 92.8, 94.8, 93.2,
      93.6, 94.0, 94.0, 95.8, 94.0, 94.0, 94.2, 93.8, 94.0,
      93.2, 95.0, 94.6, 95.4, 93.8, 93.8, 94.0, 94.4, 93.2]